Date,Open,High,Low,Close,Adj Close,Volume
2020-02-25,,,,,,
2020-02-26,,,,,,
2020-02-27,,,,,,
2020-02-28,,,,,,
2020-03-02,,,,,,
2020-03-03,,,,,,
2020-03-04,,,,,,
2020-03-05,,,,,,
2020-03-06,,,,,,
2020-03-09,,,,,,
2020-03-10,,,,,,
2020-03-11,,,,,,
2020-03-12,,,,,,
2020-03-13,,,,,,
2020-03-16,,,,,,
2020-03-17,,,,,,
2020-03-18,,,,,,
2020-03-19,,,,,,
2020-03-23,,,,,,
2020-03-24,,,,,,
2020-03-25,,,,,,
2020-03-26,,,,,,
2020-03-27,,,,,,
2020-03-30,,,,,,
2020-03-31,,,,,,
2020-04-01,,,,,,
2020-04-02,,,,,,
2020-04-03,,,,,,
2020-04-06,,,,,,
2020-04-07,,,,,,
2020-04-08,,,,,,
2020-04-09,,,,,,
2020-04-10,,,,,,
2020-04-13,,,,,,
2020-04-14,,,,,,
2020-04-15,,,,,,
2020-04-16,,,,,,
2020-04-17,,,,,,
2020-04-20,,,,,,
2020-04-21,,,,,,
2020-04-22,,,,,,
2020-04-23,,,,,,
2020-04-24,,,,,,
2020-04-27,,,,,,
2020-04-28,,,,,,
2020-04-30,,,,,,
2020-05-01,,,,,,
2020-05-07,,,,,,
2020-05-08,,,,,,
2020-05-11,,,,,,
2020-05-12,,,,,,
2020-05-13,,,,,,
2020-05-14,,,,,,
2020-05-15,,,,,,
2020-05-18,,,,,,
2020-05-19,,,,,,
2020-05-20,,,,,,
2020-05-21,,,,,,
2020-05-22,,,,,,
2020-05-25,,,,,,
2020-05-26,,,,,,
2020-05-27,,,,,,
2020-05-28,,,,,,
2020-05-29,,,,,,
2020-06-01,,,,,,
2020-06-02,,,,,,
2020-06-03,,,,,,
2020-06-04,,,,,,
2020-06-05,,,,,,
2020-06-08,,,,,,
2020-06-09,,,,,,
2020-06-10,,,,,,
2020-06-11,,,,,,
2020-06-12,,,,,,
2020-06-15,,,,,,
2020-06-16,,,,,,
2020-06-17,,,,,,
2020-06-18,,,,,,
2020-06-19,,,,,,
2020-06-22,,,,,,
2020-06-23,,,,,,
2020-06-24,,,,,,
2020-06-25,,,,,,
2020-06-26,,,,,,
2020-06-29,,,,,,
2020-06-30,,,,,,
2020-07-01,,,,,,
2020-07-02,,,,,,
2020-07-03,,,,,,
2020-07-06,,,,,,
2020-07-07,,,,,,
2020-07-08,,,,,,
2020-07-09,,,,,,
2020-07-10,,,,,,
2020-07-13,,,,,,
2020-07-14,,,,,,
2020-07-15,,,,,,
2020-07-16,,,,,,
2020-07-17,,,,,,
2020-07-20,,,,,,
2020-07-21,,,,,,
2020-07-22,,,,,,
2020-07-27,,,,,,
2020-07-28,,,,,,
2020-07-29,,,,,,
2020-07-30,,,,,,
2020-07-31,,,,,,
2020-08-03,,,,,,
2020-08-04,,,,,,
2020-08-05,,,,,,
2020-08-06,,,,,,
2020-08-07,,,,,,
2020-08-11,,,,,,
2020-08-12,,,,,,
2020-08-13,,,,,,
2020-08-14,,,,,,
2020-08-17,,,,,,
2020-08-18,,,,,,
2020-08-19,,,,,,
2020-08-20,,,,,,
2020-08-21,,,,,,
2020-08-24,,,,,,
2020-08-25,,,,,,
2020-08-26,,,,,,
2020-08-27,,,,,,
2020-08-28,,,,,,
2020-08-31,,,,,,
2020-09-01,,,,,,
2020-09-02,,,,,,
2020-09-03,,,,,,
2020-09-04,,,,,,
2020-09-07,,,,,,
2020-09-08,,,,,,
2020-09-09,,,,,,
2020-09-10,,,,,,
2020-09-11,,,,,,
2020-09-14,,,,,,
2020-09-15,,,,,,
2020-09-16,,,,,,
2020-09-17,,,,,,
2020-09-18,,,,,,
2020-09-23,,,,,,
2020-09-24,,,,,,
2020-09-25,,,,,,
2020-09-28,,,,,,
2020-09-29,,,,,,
2020-09-30,,,,,,
2020-10-02,,,,,,
2020-10-05,,,,,,
2020-10-06,,,,,,
2020-10-07,,,,,,
2020-10-08,,,,,,
2020-10-09,,,,,,
2020-10-12,,,,,,
2020-10-13,,,,,,
2020-10-14,,,,,,
2020-10-15,,,,,,
2020-10-16,,,,,,
2020-10-19,,,,,,
2020-10-20,,,,,,
2020-10-21,,,,,,
2020-10-22,,,,,,
2020-10-23,,,,,,
2020-10-26,,,,,,
2020-10-27,,,,,,
2020-10-28,,,,,,
2020-10-29,,,,,,
2020-10-30,,,,,,
2020-11-02,,,,,,
2020-11-04,,,,,,
2020-11-05,,,,,,
2020-11-06,,,,,,
2020-11-09,,,,,,
2020-11-10,,,,,,
2020-11-11,,,,,,
2020-11-12,,,,,,
2020-11-13,,,,,,
2020-11-16,,,,,,
2020-11-17,,,,,,
2020-11-18,,,,,,
2020-11-19,,,,,,
2020-11-20,,,,,,
2020-11-24,,,,,,
2020-11-25,,,,,,
2020-11-26,,,,,,
2020-11-27,,,,,,
2020-11-30,,,,,,
2020-12-01,,,,,,
2020-12-02,,,,,,
2020-12-03,,,,,,
2020-12-04,,,,,,
2020-12-07,,,,,,
2020-12-08,,,,,,
2020-12-09,,,,,,
2020-12-10,,,,,,
2020-12-11,,,,,,
2020-12-14,,,,,,
2020-12-15,,,,,,
2020-12-16,,,,,,
2020-12-17,,,,,,
2020-12-18,,,,,,
2020-12-21,,,,,,
2020-12-22,,,,,,
2020-12-23,,,,,,
2020-12-24,,,,,,
2020-12-25,,,,,,
2020-12-28,,,,,,
2020-12-29,,,,,,
2020-12-30,,,,,,
2021-01-04,,,,,,
2021-01-05,,,,,,
2021-01-06,,,,,,
2021-01-07,,,,,,
2021-01-08,,,,,,
2021-01-12,,,,,,
2021-01-13,,,,,,
2021-01-14,,,,,,
2021-01-15,,,,,,
2021-01-18,,,,,,
2021-01-19,,,,,,
2021-01-20,,,,,,
2021-01-21,,,,,,
2021-01-22,,,,,,
2021-01-25,,,,,,
2021-01-26,,,,,,
2021-01-27,,,,,,
2021-01-28,,,,,,
2021-01-29,,,,,,
2021-02-01,,,,,,
2021-02-02,,,,,,
2021-02-03,,,,,,
2021-02-04,,,,,,
2021-02-05,,,,,,
2021-02-08,,,,,,
2021-02-09,,,,,,
2021-02-10,,,,,,
2021-02-12,,,,,,
2021-02-15,,,,,,
2021-02-16,,,,,,
2021-02-17,,,,,,
2021-02-18,,,,,,
2021-02-19,,,,,,
2021-02-22,,,,,,
2021-02-24,,,,,,
2021-02-25,,,,,,
2021-02-26,,,,,,
2021-03-01,,,,,,
2021-03-02,,,,,,
2021-03-03,,,,,,
2021-03-04,,,,,,
2021-03-05,,,,,,
2021-03-08,,,,,,
2021-03-09,,,,,,
2021-03-10,,,,,,
2021-03-11,,,,,,
2021-03-12,,,,,,
2021-03-15,,,,,,
2021-03-16,,,,,,
2021-03-17,,,,,,
2021-03-18,,,,,,
2021-03-19,,,,,,
2021-03-22,,,,,,
2021-03-23,,,,,,
2021-03-24,,,,,,
2021-03-25,,,,,,
2021-03-26,,,,,,
2021-03-29,,,,,,
2021-03-30,,,,,,
2021-03-31,,,,,,
2021-04-01,,,,,,
2021-04-02,,,,,,
2021-04-05,,,,,,
2021-04-06,,,,,,
2021-04-07,,,,,,
2021-04-08,,,,,,
2021-04-09,,,,,,
2021-04-12,,,,,,
2021-04-13,,,,,,
2021-04-14,,,,,,
2021-04-15,,,,,,
2021-04-16,,,,,,
2021-04-19,,,,,,
2021-04-20,,,,,,
2021-04-21,,,,,,
2021-04-22,,,,,,
2021-04-23,,,,,,
2021-04-26,,,,,,
2021-04-27,,,,,,
2021-04-28,,,,,,
2021-04-30,,,,,,
2021-05-06,,,,,,
2021-05-07,,,,,,
2021-05-10,,,,,,
2021-05-11,,,,,,
2021-05-12,,,,,,
2021-05-13,,,,,,
2021-05-14,,,,,,
2021-05-17,,,,,,
2021-05-18,,,,,,
2021-05-19,,,,,,
2021-05-20,,,,,,
2021-05-21,,,,,,
2021-05-24,,,,,,
2021-05-25,,,,,,
2021-05-26,,,,,,
2021-05-27,,,,,,
2021-05-28,,,,,,
2021-05-31,,,,,,
2021-06-01,,,,,,
2021-06-02,,,,,,
2021-06-03,,,,,,
2021-06-04,,,,,,
2021-06-07,,,,,,
2021-06-08,,,,,,
2021-06-09,,,,,,
2021-06-10,,,,,,
2021-06-11,,,,,,
2021-06-14,,,,,,
2021-06-15,,,,,,
2021-06-16,,,,,,
2021-06-17,,,,,,
2021-06-18,,,,,,
2021-06-21,,,,,,
2021-06-22,,,,,,
2021-06-23,,,,,,
2021-06-24,,,,,,
2021-06-25,,,,,,
2021-06-28,,,,,,
2021-06-29,,,,,,
2021-06-30,,,,,,
2021-07-01,,,,,,
2021-07-02,,,,,,
2021-07-05,,,,,,
2021-07-06,,,,,,
2021-07-07,,,,,,
2021-07-08,,,,,,
2021-07-09,,,,,,
2021-07-12,,,,,,
2021-07-13,,,,,,
2021-07-14,,,,,,
2021-07-15,,,,,,
2021-07-16,,,,,,
2021-07-19,,,,,,
2021-07-20,,,,,,
2021-07-21,,,,,,
2021-07-26,,,,,,
2021-07-27,,,,,,
2021-07-28,,,,,,
2021-07-29,,,,,,
2021-07-30,,,,,,
2021-08-02,,,,,,
2021-08-03,,,,,,
2021-08-04,,,,,,
2021-08-05,,,,,,
2021-08-06,,,,,,
2021-08-10,,,,,,
2021-08-11,,,,,,
2021-08-12,,,,,,
2021-08-13,,,,,,
2021-08-16,,,,,,
2021-08-17,,,,,,
2021-08-18,,,,,,
2021-08-19,,,,,,
2021-08-20,,,,,,
2021-08-23,,,,,,
2021-08-24,,,,,,
2021-08-25,,,,,,
2021-08-26,,,,,,
2021-08-27,,,,,,
2021-08-30,,,,,,
2021-08-31,,,,,,
2021-09-01,,,,,,
2021-09-02,,,,,,
2021-09-03,,,,,,
2021-09-06,,,,,,
2021-09-07,,,,,,
2021-09-08,,,,,,
2021-09-09,,,,,,
2021-09-10,,,,,,
2021-09-13,,,,,,
2021-09-14,,,,,,
2021-09-15,,,,,,
2021-09-16,,,,,,
2021-09-17,,,,,,
2021-09-21,,,,,,
2021-09-22,,,,,,
2021-09-24,,,,,,
2021-09-27,,,,,,
2021-09-28,,,,,,
2021-09-29,,,,,,
2021-09-30,,,,,,
2021-10-01,,,,,,
2021-10-04,,,,,,
2021-10-05,,,,,,
2021-10-06,,,,,,
2021-10-07,,,,,,
2021-10-08,,,,,,
2021-10-11,,,,,,
2021-10-12,,,,,,
2021-10-13,,,,,,
2021-10-14,,,,,,
2021-10-15,,,,,,
2021-10-18,,,,,,
2021-10-19,,,,,,
2021-10-20,,,,,,
2021-10-21,,,,,,
2021-10-22,,,,,,
2021-10-25,,,,,,
2021-10-26,,,,,,
2021-10-27,,,,,,
2021-10-28,,,,,,
2021-10-29,,,,,,
2021-11-01,,,,,,
2021-11-02,,,,,,
2021-11-04,,,,,,
2021-11-05,,,,,,
2021-11-08,,,,,,
2021-11-09,,,,,,
2021-11-10,,,,,,
2021-11-11,,,,,,
2021-11-12,,,,,,
2021-11-15,,,,,,
2021-11-16,,,,,,
2021-11-17,,,,,,
2021-11-18,,,,,,
2021-11-19,,,,,,
2021-11-22,,,,,,
2021-11-24,,,,,,
2021-11-25,,,,,,
2021-11-26,,,,,,
2021-11-29,,,,,,
2021-11-30,,,,,,
2021-12-01,,,,,,
2021-12-02,,,,,,
2021-12-03,,,,,,
2021-12-06,,,,,,
2021-12-07,,,,,,
2021-12-08,,,,,,
2021-12-09,,,,,,
2021-12-10,,,,,,
2021-12-13,,,,,,
2021-12-14,,,,,,
2021-12-15,,,,,,
2021-12-16,,,,,,
2021-12-17,,,,,,
2021-12-20,,,,,,
2021-12-21,,,,,,
2021-12-22,,,,,,
2021-12-23,,,,,,
2021-12-24,,,,,,
2021-12-27,,,,,,
2021-12-28,,,,,,
2021-12-29,,,,,,
2021-12-30,,,,,,
2022-01-04,,,,,,
2022-01-05,,,,,,
2022-01-06,,,,,,
2022-01-07,,,,,,
2022-01-11,,,,,,
2022-01-12,,,,,,
2022-01-13,,,,,,
2022-01-14,,,,,,
2022-01-17,,,,,,
2022-01-18,,,,,,
2022-01-19,,,,,,
2022-01-20,,,,,,
2022-01-21,,,,,,
2022-01-24,,,,,,
2022-01-25,,,,,,
2022-01-26,,,,,,
2022-01-27,,,,,,
2022-01-28,,,,,,
2022-01-31,,,,,,
2022-02-01,,,,,,
2022-02-02,,,,,,
2022-02-03,,,,,,
2022-02-04,,,,,,
2022-02-07,,,,,,
2022-02-08,,,,,,
2022-02-09,,,,,,
2022-02-10,,,,,,
2022-02-14,,,,,,
2022-02-15,,,,,,
2022-02-16,,,,,,
2022-02-17,,,,,,
2022-02-18,,,,,,
2022-02-21,,,,,,
2022-02-22,,,,,,
2022-02-24,,,,,,
2022-02-25,,,,,,
2022-02-28,,,,,,
2022-03-01,,,,,,
2022-03-02,,,,,,
2022-03-03,,,,,,
2022-03-04,,,,,,
2022-03-07,,,,,,
2022-03-08,,,,,,
2022-03-09,,,,,,
2022-03-10,,,,,,
2022-03-11,,,,,,
2022-03-14,,,,,,
2022-03-15,,,,,,
2022-03-16,,,,,,
2022-03-17,,,,,,
2022-03-18,,,,,,
2022-03-22,,,,,,
2022-03-23,,,,,,
2022-03-24,,,,,,
2022-03-25,,,,,,
2022-03-28,,,,,,
2022-03-29,,,,,,
2022-03-30,,,,,,
2022-03-31,,,,,,
2022-04-01,,,,,,
2022-04-04,,,,,,
2022-04-05,,,,,,
2022-04-06,,,,,,
2022-04-07,,,,,,
2022-04-08,,,,,,
2022-04-11,,,,,,
2022-04-12,,,,,,
2022-04-13,,,,,,
2022-04-14,,,,,,
2022-04-15,,,,,,
2022-04-18,,,,,,
2022-04-19,,,,,,
2022-04-20,,,,,,
2022-04-21,,,,,,
2022-04-22,,,,,,
2022-04-25,,,,,,
2022-04-26,,,,,,
2022-04-27,756.0,854.0,742.0,763.0,763.0,6924700.0
2022-04-28,703.0,764.0,666.0,685.0,685.0,2458100.0
2022-05-02,706.0,730.0,666.0,675.0,675.0,973900.0
2022-05-06,675.0,687.0,640.0,675.0,675.0,226300.0
2022-05-09,657.0,676.0,617.0,621.0,621.0,174300.0
2022-05-10,601.0,611.0,574.0,587.0,587.0,176800.0
2022-05-11,577.0,657.0,574.0,610.0,610.0,256200.0
2022-05-12,613.0,644.0,587.0,607.0,607.0,137100.0
2022-05-13,597.0,625.0,597.0,610.0,610.0,71400.0
2022-05-16,615.0,635.0,604.0,611.0,611.0,65400.0
2022-05-17,601.0,610.0,595.0,603.0,603.0,38500.0
2022-05-18,602.0,625.0,602.0,624.0,624.0,68500.0
2022-05-19,608.0,717.0,605.0,665.0,665.0,538600.0
2022-05-20,655.0,670.0,620.0,648.0,648.0,157100.0
2022-05-23,650.0,658.0,633.0,642.0,642.0,81500.0
2022-05-24,652.0,677.0,633.0,664.0,664.0,162300.0
2022-05-25,674.0,713.0,664.0,702.0,702.0,286300.0
2022-05-26,692.0,695.0,635.0,639.0,639.0,207500.0
2022-05-27,643.0,647.0,610.0,612.0,612.0,116300.0
2022-05-30,621.0,632.0,609.0,630.0,630.0,42800.0
2022-05-31,630.0,659.0,620.0,659.0,659.0,77700.0
2022-06-01,663.0,664.0,633.0,645.0,645.0,38400.0
2022-06-02,645.0,645.0,628.0,634.0,634.0,18700.0
2022-06-03,637.0,637.0,625.0,631.0,631.0,15900.0
2022-06-06,635.0,635.0,618.0,620.0,620.0,18800.0
2022-06-07,622.0,630.0,615.0,616.0,616.0,18600.0
2022-06-08,620.0,661.0,619.0,640.0,640.0,46700.0
2022-06-09,637.0,655.0,636.0,637.0,637.0,10700.0
2022-06-10,634.0,652.0,626.0,630.0,630.0,30300.0
2022-06-13,623.0,623.0,606.0,606.0,606.0,24300.0
2022-06-14,596.0,607.0,592.0,600.0,600.0,21500.0
2022-06-15,550.0,572.0,546.0,546.0,546.0,73300.0
2022-06-16,557.0,560.0,534.0,536.0,536.0,45000.0
2022-06-17,526.0,530.0,505.0,505.0,505.0,30800.0
2022-06-20,512.0,512.0,481.0,485.0,485.0,30600.0
2022-06-21,485.0,510.0,485.0,510.0,510.0,9900.0
2022-06-22,514.0,517.0,471.0,474.0,474.0,33400.0
2022-06-23,479.0,554.0,477.0,554.0,554.0,73200.0
2022-06-24,562.0,580.0,535.0,555.0,555.0,133600.0
2022-06-27,545.0,558.0,521.0,550.0,550.0,18000.0
2022-06-28,540.0,575.0,536.0,567.0,567.0,32300.0
2022-06-29,560.0,580.0,560.0,573.0,573.0,5700.0
2022-06-30,575.0,579.0,547.0,549.0,549.0,7600.0
2022-07-01,539.0,546.0,512.0,515.0,515.0,14000.0
2022-07-04,525.0,532.0,512.0,530.0,530.0,6300.0
2022-07-05,529.0,545.0,519.0,545.0,545.0,3800.0
2022-07-06,550.0,555.0,518.0,539.0,539.0,23200.0
2022-07-07,532.0,547.0,524.0,532.0,532.0,8200.0
2022-07-08,532.0,549.0,532.0,533.0,533.0,4100.0
2022-07-11,534.0,571.0,533.0,564.0,564.0,9800.0
2022-07-12,565.0,568.0,540.0,540.0,540.0,15600.0
2022-07-13,537.0,544.0,529.0,530.0,530.0,3400.0
2022-07-14,538.0,551.0,537.0,546.0,546.0,6800.0
2022-07-15,555.0,555.0,525.0,539.0,539.0,6600.0
2022-07-19,543.0,543.0,518.0,530.0,530.0,8400.0
2022-07-20,532.0,536.0,521.0,525.0,525.0,10500.0
2022-07-21,525.0,540.0,524.0,538.0,538.0,5100.0
2022-07-22,536.0,569.0,536.0,560.0,560.0,16200.0
2022-07-25,560.0,630.0,560.0,602.0,602.0,83900.0
2022-07-26,603.0,626.0,576.0,616.0,616.0,34700.0
2022-07-27,602.0,654.0,583.0,620.0,620.0,36700.0
2022-07-28,626.0,637.0,603.0,615.0,615.0,9800.0
2022-07-29,615.0,637.0,612.0,626.0,626.0,9100.0
2022-08-01,625.0,631.0,599.0,614.0,614.0,7800.0
2022-08-02,607.0,610.0,580.0,585.0,585.0,12000.0
2022-08-03,575.0,601.0,561.0,597.0,597.0,18200.0
2022-08-04,600.0,609.0,587.0,609.0,609.0,7600.0
2022-08-05,602.0,618.0,596.0,613.0,613.0,7500.0
2022-08-08,609.0,614.0,590.0,600.0,600.0,8800.0
2022-08-09,600.0,601.0,587.0,600.0,600.0,4700.0
2022-08-10,590.0,590.0,545.0,589.0,589.0,18500.0
2022-08-12,590.0,590.0,560.0,582.0,582.0,5800.0
2022-08-15,588.0,607.0,572.0,582.0,582.0,5300.0
2022-08-16,581.0,603.0,580.0,601.0,601.0,5600.0
2022-08-17,601.0,612.0,574.0,595.0,595.0,13000.0
2022-08-18,586.0,599.0,585.0,597.0,597.0,1600.0
2022-08-19,593.0,600.0,587.0,590.0,590.0,2300.0
2022-08-22,595.0,595.0,565.0,574.0,574.0,9900.0
2022-08-23,571.0,634.0,571.0,598.0,598.0,41300.0
2022-08-24,591.0,599.0,579.0,594.0,594.0,11700.0
2022-08-25,594.0,604.0,579.0,603.0,603.0,6700.0
2022-08-26,601.0,609.0,587.0,603.0,603.0,8800.0
2022-08-29,595.0,604.0,584.0,594.0,594.0,8000.0
2022-08-30,594.0,605.0,594.0,604.0,604.0,1500.0
2022-08-31,604.0,619.0,600.0,608.0,608.0,7200.0
2022-09-01,608.0,609.0,590.0,600.0,600.0,11300.0
2022-09-02,590.0,600.0,580.0,599.0,599.0,19300.0
2022-09-05,598.0,598.0,577.0,592.0,592.0,10200.0
2022-09-06,592.0,592.0,580.0,582.0,582.0,2900.0
2022-09-07,587.0,588.0,577.0,581.0,581.0,8300.0
2022-09-08,589.0,589.0,584.0,584.0,584.0,400.0
2022-09-09,588.0,608.0,587.0,599.0,599.0,13200.0
2022-09-12,599.0,605.0,582.0,590.0,590.0,2400.0
2022-09-13,597.0,609.0,581.0,581.0,581.0,8100.0
2022-09-14,582.0,602.0,576.0,596.0,596.0,19000.0
2022-09-15,581.0,595.0,572.0,590.0,590.0,18100.0
2022-09-16,598.0,598.0,567.0,569.0,569.0,9300.0
2022-09-20,569.0,589.0,569.0,583.0,583.0,4500.0
2022-09-21,576.0,578.0,561.0,561.0,561.0,5800.0
2022-09-22,561.0,561.0,550.0,554.0,554.0,4000.0
2022-09-26,549.0,560.0,549.0,560.0,560.0,300.0
2022-09-27,560.0,560.0,538.0,538.0,538.0,4900.0
2022-09-28,548.0,548.0,521.0,523.0,523.0,9400.0
2022-09-29,523.0,538.0,505.0,528.0,528.0,6500.0
2022-09-30,520.0,550.0,515.0,530.0,530.0,4700.0
2022-10-03,540.0,540.0,518.0,520.0,520.0,4800.0
2022-10-04,526.0,541.0,521.0,541.0,541.0,2800.0
2022-10-05,537.0,547.0,537.0,543.0,543.0,1500.0
2022-10-06,544.0,572.0,543.0,567.0,567.0,8800.0
2022-10-07,558.0,568.0,541.0,542.0,542.0,7900.0
2022-10-11,518.0,534.0,513.0,532.0,532.0,10400.0
2022-10-12,526.0,537.0,524.0,535.0,535.0,1600.0
2022-10-13,538.0,541.0,524.0,541.0,541.0,3600.0
2022-10-14,541.0,543.0,526.0,536.0,536.0,3500.0
2022-10-17,546.0,546.0,515.0,525.0,525.0,4500.0
2022-10-18,525.0,542.0,525.0,542.0,542.0,3100.0
2022-10-19,545.0,549.0,535.0,549.0,549.0,2900.0
2022-10-20,545.0,557.0,545.0,557.0,557.0,2000.0
2022-10-21,557.0,562.0,550.0,562.0,562.0,1100.0
2022-10-24,560.0,569.0,545.0,545.0,545.0,4400.0
2022-10-25,555.0,560.0,555.0,558.0,558.0,400.0
2022-10-26,548.0,558.0,538.0,539.0,539.0,3000.0
2022-10-27,545.0,552.0,537.0,551.0,551.0,2600.0
2022-10-28,531.0,560.0,531.0,535.0,535.0,6200.0
2022-10-31,540.0,545.0,528.0,535.0,535.0,2800.0
2022-11-01,539.0,539.0,527.0,527.0,527.0,4100.0
2022-11-02,524.0,536.0,523.0,534.0,534.0,5000.0
2022-11-04,524.0,533.0,524.0,528.0,528.0,2400.0
2022-11-07,526.0,530.0,526.0,528.0,528.0,1100.0
2022-11-08,528.0,535.0,520.0,530.0,530.0,4700.0
2022-11-09,530.0,556.0,523.0,539.0,539.0,5800.0
2022-11-10,530.0,541.0,520.0,521.0,521.0,7800.0
2022-11-11,526.0,536.0,524.0,530.0,530.0,2600.0
2022-11-14,535.0,537.0,516.0,529.0,529.0,4000.0
2022-11-15,521.0,530.0,521.0,525.0,525.0,2400.0
2022-11-16,525.0,544.0,525.0,541.0,541.0,2100.0
2022-11-17,539.0,540.0,520.0,530.0,530.0,8900.0
2022-11-18,531.0,540.0,522.0,525.0,525.0,3600.0
2022-11-21,525.0,537.0,525.0,527.0,527.0,2500.0
2022-11-22,533.0,533.0,527.0,527.0,527.0,2800.0
2022-11-24,532.0,534.0,527.0,532.0,532.0,3200.0
2022-11-25,532.0,540.0,530.0,533.0,533.0,5700.0
2022-11-28,534.0,534.0,515.0,530.0,530.0,7500.0
2022-11-29,529.0,530.0,522.0,530.0,530.0,3400.0
2022-11-30,524.0,530.0,524.0,530.0,530.0,6100.0
2022-12-01,535.0,540.0,526.0,533.0,533.0,6200.0
2022-12-02,534.0,539.0,526.0,536.0,536.0,8800.0
2022-12-05,531.0,531.0,526.0,527.0,527.0,3500.0
2022-12-06,529.0,544.0,526.0,544.0,544.0,7100.0
2022-12-07,537.0,550.0,533.0,534.0,534.0,7500.0
2022-12-08,532.0,543.0,528.0,541.0,541.0,7400.0
2022-12-09,541.0,556.0,527.0,552.0,552.0,6200.0
2022-12-12,552.0,565.0,548.0,565.0,565.0,9200.0
2022-12-13,563.0,563.0,543.0,553.0,553.0,6300.0
2022-12-14,563.0,566.0,526.0,537.0,537.0,40800.0
2022-12-15,532.0,532.0,505.0,521.0,521.0,35700.0
2022-12-16,518.0,518.0,464.0,494.0,494.0,61700.0
2022-12-19,494.0,512.0,480.0,500.0,500.0,24300.0
2022-12-20,500.0,500.0,465.0,489.0,489.0,16500.0
2022-12-21,485.0,487.0,461.0,478.0,478.0,7000.0
2022-12-22,481.0,495.0,479.0,484.0,484.0,3600.0
2022-12-23,489.0,489.0,477.0,480.0,480.0,5100.0
2022-12-26,473.0,485.0,464.0,485.0,485.0,24300.0
2022-12-27,485.0,485.0,472.0,479.0,479.0,8700.0
2022-12-28,476.0,483.0,470.0,470.0,470.0,8100.0
2022-12-29,473.0,481.0,469.0,469.0,469.0,6200.0
2022-12-30,471.0,480.0,471.0,475.0,475.0,1400.0
2023-01-04,483.0,500.0,479.0,483.0,483.0,5800.0
2023-01-05,477.0,482.0,473.0,476.0,476.0,4000.0
2023-01-06,480.0,492.0,472.0,492.0,492.0,1800.0
2023-01-10,488.0,498.0,488.0,496.0,496.0,5200.0
2023-01-11,488.0,497.0,488.0,497.0,497.0,3900.0
2023-01-12,495.0,497.0,483.0,494.0,494.0,3900.0
2023-01-13,496.0,496.0,486.0,494.0,494.0,1600.0
2023-01-16,494.0,494.0,482.0,482.0,482.0,1600.0
2023-01-17,478.0,482.0,476.0,480.0,480.0,1900.0
2023-01-18,524.0,560.0,522.0,560.0,560.0,78100.0
2023-01-19,546.0,555.0,527.0,542.0,542.0,148400.0
2023-01-20,545.0,545.0,507.0,515.0,515.0,41700.0
2023-01-23,520.0,520.0,502.0,513.0,513.0,18200.0
2023-01-24,516.0,516.0,507.0,510.0,510.0,4700.0
2023-01-25,509.0,525.0,508.0,515.0,515.0,6700.0
2023-01-26,520.0,524.0,515.0,516.0,516.0,5000.0
2023-01-27,526.0,526.0,510.0,515.0,515.0,4900.0
2023-01-30,525.0,537.0,521.0,537.0,537.0,14300.0
2023-01-31,562.0,562.0,543.0,548.0,548.0,16500.0
2023-02-01,557.0,610.0,550.0,596.0,596.0,67800.0
2023-02-02,600.0,603.0,578.0,578.0,578.0,16400.0
2023-02-03,598.0,598.0,579.0,580.0,580.0,10900.0
2023-02-06,588.0,588.0,579.0,579.0,579.0,3800.0
2023-02-07,586.0,600.0,581.0,593.0,593.0,13600.0
2023-02-08,591.0,610.0,555.0,561.0,561.0,26900.0
2023-02-09,565.0,579.0,557.0,565.0,565.0,6900.0
2023-02-10,548.0,552.0,545.0,545.0,545.0,25000.0
2023-02-13,546.0,568.0,532.0,540.0,540.0,24700.0
2023-02-14,538.0,549.0,538.0,549.0,549.0,5800.0
2023-02-15,552.0,552.0,535.0,535.0,535.0,5200.0
2023-02-16,540.0,563.0,528.0,529.0,529.0,5000.0
2023-02-17,530.0,538.0,530.0,533.0,533.0,3600.0
2023-02-20,529.0,539.0,529.0,539.0,539.0,2300.0
2023-02-21,539.0,550.0,539.0,545.0,545.0,5000.0
2023-02-22,539.0,547.0,536.0,536.0,536.0,4100.0
2023-02-24,538.0,541.0,531.0,535.0,535.0,4500.0
2023-02-27,545.0,556.0,536.0,555.0,555.0,14400.0
2023-02-28,557.0,565.0,555.0,565.0,565.0,3900.0
2023-03-01,566.0,567.0,558.0,562.0,562.0,3500.0
2023-03-02,563.0,570.0,549.0,565.0,565.0,5700.0
2023-03-03,571.0,571.0,561.0,561.0,561.0,900.0
2023-03-06,561.0,562.0,547.0,547.0,547.0,4700.0
2023-03-07,557.0,557.0,547.0,547.0,547.0,4100.0
2023-03-08,554.0,554.0,546.0,546.0,546.0,3200.0
2023-03-09,551.0,552.0,549.0,549.0,549.0,2100.0
2023-03-10,551.0,560.0,541.0,550.0,550.0,3700.0
2023-03-13,541.0,557.0,540.0,550.0,550.0,4700.0
2023-03-14,540.0,542.0,528.0,528.0,528.0,7200.0
2023-03-15,530.0,542.0,528.0,528.0,528.0,5000.0
2023-03-16,529.0,570.0,529.0,544.0,544.0,13300.0
2023-03-17,524.0,525.0,498.0,506.0,506.0,56400.0
2023-03-20,507.0,507.0,488.0,495.0,495.0,12700.0
2023-03-22,499.0,514.0,499.0,505.0,505.0,5400.0
2023-03-23,499.0,504.0,496.0,500.0,500.0,2600.0
2023-03-24,495.0,508.0,490.0,502.0,502.0,13600.0
2023-03-27,490.0,490.0,475.0,482.0,482.0,86700.0
2023-03-28,491.0,495.0,481.0,481.0,481.0,142400.0
2023-03-29,465.0,496.0,463.0,492.0,492.0,92400.0
2023-03-30,490.0,497.0,484.0,484.0,484.0,6600.0
2023-03-31,489.0,511.0,488.0,510.0,510.0,23000.0
2023-04-03,511.0,511.0,499.0,508.0,508.0,5000.0
2023-04-04,509.0,512.0,487.0,500.0,500.0,24700.0
2023-04-05,500.0,500.0,475.0,487.0,487.0,47800.0
2023-04-06,486.0,490.0,482.0,490.0,490.0,5000.0
2023-04-07,490.0,494.0,483.0,490.0,490.0,6100.0
2023-04-10,492.0,492.0,485.0,491.0,491.0,2600.0
2023-04-11,491.0,503.0,491.0,498.0,498.0,6000.0
2023-04-12,498.0,503.0,496.0,503.0,503.0,3300.0
2023-04-13,498.0,503.0,498.0,500.0,500.0,3400.0
2023-04-14,501.0,503.0,500.0,503.0,503.0,5200.0
2023-04-17,501.0,508.0,499.0,504.0,504.0,7800.0
2023-04-18,501.0,504.0,501.0,501.0,501.0,3500.0
2023-04-19,501.0,502.0,495.0,500.0,500.0,8600.0
2023-04-20,500.0,503.0,499.0,503.0,503.0,1900.0
2023-04-21,499.0,502.0,477.0,486.0,486.0,47900.0
2023-04-24,486.0,495.0,486.0,489.0,489.0,5100.0
2023-04-25,490.0,495.0,488.0,489.0,489.0,5900.0
2023-04-26,490.0,490.0,482.0,483.0,483.0,4000.0
2023-04-27,486.0,489.0,483.0,489.0,489.0,2200.0
2023-04-28,490.0,490.0,484.0,485.0,485.0,3600.0
2023-05-01,485.0,487.0,483.0,485.0,485.0,6900.0
2023-05-02,485.0,485.0,478.0,481.0,481.0,11700.0
2023-05-08,482.0,483.0,478.0,483.0,483.0,5200.0
2023-05-09,484.0,487.0,481.0,485.0,485.0,5700.0
2023-05-10,485.0,488.0,484.0,487.0,487.0,1500.0
2023-05-11,489.0,490.0,483.0,487.0,487.0,6500.0
2023-05-12,488.0,488.0,482.0,483.0,483.0,3200.0
2023-05-15,490.0,492.0,483.0,484.0,484.0,3900.0
2023-05-16,488.0,489.0,481.0,483.0,483.0,7700.0
2023-05-17,483.0,485.0,480.0,485.0,485.0,2800.0
2023-05-18,484.0,487.0,480.0,487.0,487.0,3800.0
2023-05-19,489.0,490.0,481.0,483.0,483.0,8100.0
2023-05-22,489.0,492.0,483.0,486.0,486.0,9100.0
2023-05-23,487.0,496.0,482.0,488.0,488.0,8300.0
2023-05-24,489.0,524.0,488.0,499.0,499.0,37900.0
2023-05-25,499.0,503.0,480.0,486.0,486.0,23000.0
2023-05-26,494.0,494.0,480.0,485.0,485.0,6600.0
2023-05-29,485.0,489.0,483.0,484.0,484.0,3500.0
2023-05-30,485.0,490.0,482.0,483.0,483.0,7000.0
2023-05-31,486.0,490.0,482.0,484.0,484.0,6300.0
2023-06-01,485.0,490.0,481.0,483.0,483.0,9400.0
2023-06-02,483.0,488.0,483.0,487.0,487.0,5800.0
2023-06-05,487.0,493.0,481.0,487.0,487.0,5600.0
2023-06-06,488.0,489.0,483.0,486.0,486.0,8100.0
2023-06-07,485.0,493.0,483.0,493.0,493.0,5700.0
2023-06-08,489.0,495.0,488.0,491.0,491.0,11100.0
2023-06-09,493.0,498.0,477.0,489.0,489.0,30600.0
2023-06-12,494.0,511.0,493.0,499.0,499.0,20000.0
2023-06-13,500.0,504.0,494.0,494.0,494.0,8900.0
2023-06-14,498.0,507.0,493.0,499.0,499.0,28800.0
2023-06-15,491.0,492.0,475.0,478.0,478.0,53000.0
2023-06-16,477.0,486.0,476.0,483.0,483.0,3500.0
2023-06-19,485.0,485.0,480.0,481.0,481.0,5400.0
2023-06-20,481.0,484.0,473.0,480.0,480.0,10400.0
2023-06-21,482.0,482.0,480.0,481.0,481.0,4100.0
2023-06-22,483.0,483.0,481.0,481.0,481.0,2800.0
2023-06-23,481.0,483.0,480.0,482.0,482.0,1900.0
2023-06-26,485.0,485.0,478.0,479.0,479.0,5500.0
2023-06-27,479.0,485.0,477.0,479.0,479.0,2600.0
2023-06-28,479.0,480.0,477.0,480.0,480.0,2800.0
2023-06-29,479.0,480.0,478.0,478.0,478.0,2300.0
2023-06-30,482.0,482.0,477.0,478.0,478.0,4000.0
2023-07-03,479.0,483.0,475.0,482.0,482.0,7000.0
2023-07-04,482.0,483.0,480.0,483.0,483.0,3400.0
2023-07-05,479.0,482.0,479.0,482.0,482.0,9800.0
2023-07-06,482.0,482.0,475.0,478.0,478.0,6800.0
2023-07-07,477.0,481.0,475.0,480.0,480.0,5900.0
2023-07-10,481.0,484.0,480.0,483.0,483.0,17300.0
2023-07-11,487.0,490.0,483.0,485.0,485.0,11700.0
2023-07-12,487.0,488.0,481.0,481.0,481.0,5800.0
2023-07-13,482.0,487.0,479.0,485.0,485.0,5300.0
2023-07-14,485.0,488.0,479.0,482.0,482.0,6500.0
2023-07-18,483.0,488.0,480.0,486.0,486.0,6200.0
2023-07-19,490.0,490.0,483.0,486.0,486.0,7300.0
2023-07-20,483.0,489.0,482.0,489.0,489.0,4700.0
2023-07-21,484.0,513.0,484.0,498.0,498.0,51100.0
2023-07-24,504.0,523.0,493.0,493.0,493.0,91900.0
2023-07-25,498.0,502.0,486.0,492.0,492.0,16200.0
2023-07-26,492.0,497.0,480.0,481.0,481.0,20700.0
2023-07-27,485.0,492.0,485.0,489.0,489.0,9200.0
2023-07-28,489.0,490.0,483.0,489.0,489.0,6500.0
2023-07-31,489.0,497.0,487.0,490.0,490.0,5400.0
2023-08-01,491.0,492.0,485.0,488.0,488.0,8300.0
2023-08-02,493.0,493.0,486.0,487.0,487.0,4200.0
2023-08-03,487.0,493.0,485.0,490.0,490.0,10900.0
2023-08-04,488.0,495.0,483.0,495.0,495.0,14800.0
2023-08-07,493.0,493.0,488.0,489.0,489.0,2100.0
2023-08-08,488.0,491.0,484.0,486.0,486.0,11200.0
2023-08-09,486.0,489.0,484.0,489.0,489.0,1500.0
2023-08-10,489.0,489.0,485.0,486.0,486.0,4300.0
2023-08-14,486.0,489.0,486.0,488.0,488.0,1500.0
2023-08-15,486.0,491.0,484.0,489.0,489.0,9600.0
2023-08-16,483.0,491.0,482.0,489.0,489.0,9400.0
2023-08-17,489.0,490.0,485.0,488.0,488.0,8100.0
2023-08-18,489.0,490.0,484.0,490.0,490.0,5100.0
2023-08-21,490.0,494.0,481.0,492.0,492.0,11000.0
2023-08-22,494.0,495.0,490.0,495.0,495.0,5900.0
2023-08-23,495.0,505.0,494.0,497.0,497.0,10600.0
2023-08-24,502.0,502.0,487.0,494.0,494.0,32600.0
2023-08-25,492.0,504.0,488.0,492.0,492.0,19500.0
2023-08-28,500.0,500.0,485.0,499.0,499.0,18100.0
2023-08-29,499.0,505.0,498.0,502.0,502.0,9200.0
2023-08-30,504.0,511.0,499.0,503.0,503.0,20600.0
2023-08-31,510.0,603.0,509.0,603.0,603.0,451200.0
2023-09-01,703.0,703.0,567.0,569.0,569.0,2813800.0
2023-09-04,589.0,628.0,555.0,572.0,572.0,863800.0
2023-09-05,552.0,573.0,546.0,571.0,571.0,209200.0
2023-09-06,580.0,598.0,548.0,590.0,590.0,274200.0
2023-09-07,580.0,611.0,562.0,571.0,571.0,140000.0
2023-09-08,569.0,588.0,562.0,567.0,567.0,53000.0
2023-09-11,567.0,587.0,559.0,564.0,564.0,75600.0
2023-09-12,560.0,561.0,532.0,546.0,546.0,96200.0
2023-09-13,556.0,567.0,526.0,539.0,539.0,94700.0
2023-09-14,548.0,548.0,530.0,532.0,532.0,27300.0
2023-09-15,530.0,558.0,522.0,540.0,540.0,46000.0
2023-09-19,540.0,547.0,536.0,537.0,537.0,13800.0
2023-09-20,537.0,548.0,536.0,545.0,545.0,26100.0
2023-09-21,543.0,553.0,541.0,547.0,547.0,19400.0
2023-09-22,547.0,548.0,532.0,539.0,539.0,32700.0
2023-09-25,540.0,550.0,540.0,540.0,540.0,9000.0
2023-09-26,540.0,543.0,533.0,538.0,538.0,12100.0
2023-09-27,535.0,588.0,530.0,549.0,549.0,125900.0
2023-09-28,555.0,593.0,549.0,591.0,591.0,154400.0
2023-09-29,594.0,594.0,569.0,579.0,579.0,69700.0
2023-10-02,589.0,589.0,536.0,543.0,543.0,81700.0
2023-10-03,539.0,543.0,508.0,513.0,513.0,43500.0
2023-10-04,513.0,525.0,492.0,523.0,523.0,32500.0
2023-10-05,527.0,527.0,517.0,524.0,524.0,13900.0
2023-10-06,522.0,571.0,515.0,528.0,528.0,108400.0
2023-10-10,529.0,558.0,529.0,541.0,541.0,30000.0
2023-10-11,550.0,579.0,535.0,563.0,563.0,67700.0
2023-10-12,559.0,570.0,552.0,560.0,560.0,34500.0
2023-10-13,551.0,564.0,542.0,563.0,563.0,16800.0
2023-10-16,563.0,563.0,532.0,532.0,532.0,12300.0
2023-10-17,533.0,557.0,533.0,554.0,554.0,9000.0
2023-10-18,537.0,558.0,537.0,550.0,550.0,8200.0
2023-10-19,533.0,543.0,529.0,533.0,533.0,10000.0
2023-10-20,532.0,540.0,515.0,537.0,537.0,19500.0
2023-10-23,529.0,626.0,523.0,533.0,533.0,627300.0
2023-10-24,539.0,587.0,536.0,564.0,564.0,177900.0
2023-10-25,558.0,573.0,548.0,552.0,552.0,45900.0
2023-10-26,555.0,596.0,552.0,582.0,582.0,98700.0
2023-10-27,579.0,595.0,570.0,594.0,594.0,53400.0
2023-10-30,604.0,629.0,586.0,601.0,601.0,141800.0
2023-10-31,611.0,661.0,606.0,636.0,636.0,381100.0
2023-11-01,626.0,635.0,585.0,592.0,592.0,125200.0
2023-11-02,602.0,619.0,579.0,600.0,600.0,52200.0
2023-11-06,597.0,606.0,588.0,593.0,593.0,37300.0
2023-11-07,592.0,594.0,580.0,580.0,580.0,22900.0
2023-11-08,587.0,587.0,567.0,567.0,567.0,29900.0
2023-11-09,610.0,667.0,571.0,572.0,572.0,1176700.0
2023-11-10,592.0,672.0,585.0,672.0,672.0,1088400.0
2023-11-13,660.0,669.0,620.0,637.0,637.0,440600.0
2023-11-14,647.0,691.0,623.0,647.0,647.0,372500.0
2023-11-15,628.0,638.0,604.0,612.0,612.0,171400.0
2023-11-16,634.0,637.0,604.0,611.0,611.0,93200.0
2023-11-17,609.0,626.0,595.0,609.0,609.0,61800.0
2023-11-20,618.0,652.0,606.0,634.0,634.0,97700.0
2023-11-21,635.0,646.0,620.0,626.0,626.0,52000.0
2023-11-22,630.0,643.0,621.0,631.0,631.0,21200.0
2023-11-24,635.0,683.0,629.0,671.0,671.0,121900.0
2023-11-27,665.0,692.0,640.0,655.0,655.0,103100.0
2023-11-28,657.0,669.0,636.0,657.0,657.0,35800.0
2023-11-29,648.0,667.0,645.0,654.0,654.0,18500.0
2023-11-30,659.0,660.0,621.0,623.0,623.0,60500.0
2023-12-01,633.0,633.0,610.0,611.0,611.0,37400.0
2023-12-04,616.0,635.0,595.0,635.0,635.0,51300.0
2023-12-05,636.0,636.0,615.0,626.0,626.0,14100.0
2023-12-06,630.0,631.0,611.0,630.0,630.0,16500.0
2023-12-07,623.0,640.0,586.0,630.0,630.0,85700.0
2023-12-08,620.0,627.0,601.0,624.0,624.0,42900.0
2023-12-11,630.0,635.0,613.0,626.0,626.0,27600.0
2023-12-12,625.0,625.0,580.0,587.0,587.0,45800.0
2023-12-13,586.0,600.0,580.0,584.0,584.0,44100.0
2023-12-14,588.0,590.0,541.0,545.0,545.0,65900.0
2023-12-15,541.0,555.0,503.0,548.0,548.0,76100.0
2023-12-18,538.0,559.0,531.0,552.0,552.0,58100.0
2023-12-19,552.0,561.0,547.0,553.0,553.0,18100.0
2023-12-20,563.0,563.0,534.0,540.0,540.0,29000.0
2023-12-21,540.0,569.0,535.0,541.0,541.0,53400.0
2023-12-22,541.0,549.0,520.0,520.0,520.0,39900.0
2023-12-25,522.0,535.0,517.0,530.0,530.0,13400.0
2023-12-26,530.0,555.0,530.0,540.0,540.0,28000.0
2023-12-27,545.0,560.0,545.0,552.0,552.0,22900.0
2023-12-28,546.0,564.0,545.0,559.0,559.0,17300.0
2023-12-29,559.0,586.0,554.0,574.0,574.0,26000.0
2024-01-04,597.0,597.0,566.0,575.0,575.0,24400.0
2024-01-05,580.0,580.0,555.0,568.0,568.0,21800.0
2024-01-09,578.0,589.0,560.0,588.0,588.0,17700.0
2024-01-10,590.0,590.0,573.0,579.0,579.0,9100.0
2024-01-11,580.0,580.0,559.0,567.0,567.0,15500.0
2024-01-12,570.0,576.0,558.0,562.0,562.0,11000.0
2024-01-15,564.0,564.0,564.0,564.0,564.0,700.0
2024-01-16,568.0,569.0,553.0,553.0,553.0,23400.0
2024-01-17,556.0,556.0,540.0,540.0,540.0,15600.0
2024-01-18,540.0,544.0,531.0,531.0,531.0,8400.0
2024-01-19,534.0,542.0,532.0,542.0,542.0,3300.0
2024-01-22,546.0,546.0,531.0,543.0,543.0,11500.0
2024-01-23,543.0,545.0,538.0,544.0,544.0,8300.0
2024-01-24,544.0,544.0,533.0,544.0,544.0,10000.0
2024-01-25,544.0,555.0,538.0,554.0,554.0,13800.0
2024-01-26,547.0,552.0,538.0,544.0,544.0,14100.0
2024-01-29,546.0,576.0,544.0,562.0,562.0,18000.0
2024-01-30,564.0,582.0,562.0,578.0,578.0,10700.0
2024-01-31,580.0,580.0,566.0,574.0,574.0,11100.0
2024-02-01,574.0,575.0,555.0,555.0,555.0,10500.0
2024-02-02,561.0,561.0,551.0,553.0,553.0,4500.0
2024-02-05,553.0,561.0,550.0,560.0,560.0,7800.0
2024-02-06,563.0,568.0,561.0,566.0,566.0,2300.0
2024-02-07,580.0,614.0,560.0,565.0,565.0,74300.0
2024-02-08,565.0,569.0,538.0,545.0,545.0,25700.0
2024-02-09,545.0,545.0,522.0,545.0,545.0,14300.0
2024-02-13,544.0,555.0,538.0,553.0,553.0,5200.0
2024-02-14,545.0,551.0,540.0,540.0,540.0,3700.0
2024-02-15,542.0,551.0,536.0,543.0,543.0,13800.0
2024-02-16,544.0,567.0,544.0,565.0,565.0,13600.0
2024-02-19,555.0,580.0,551.0,577.0,577.0,16400.0
2024-02-20,573.0,573.0,552.0,552.0,552.0,17100.0
2024-02-21,551.0,556.0,535.0,554.0,554.0,20100.0
2024-02-22,555.0,561.0,544.0,552.0,552.0,8900.0
2024-02-26,547.0,559.0,547.0,551.0,551.0,9100.0
2024-02-27,551.0,555.0,549.0,554.0,554.0,5700.0
2024-02-28,548.0,561.0,547.0,560.0,560.0,10100.0
2024-02-29,559.0,567.0,550.0,567.0,567.0,9700.0
2024-03-01,560.0,574.0,553.0,571.0,571.0,14400.0
2024-03-04,565.0,574.0,560.0,565.0,565.0,16900.0
2024-03-05,563.0,570.0,557.0,568.0,568.0,12200.0
2024-03-06,573.0,594.0,566.0,591.0,591.0,36600.0
2024-03-07,610.0,633.0,596.0,623.0,623.0,65700.0
2024-03-08,623.0,637.0,605.0,617.0,617.0,33800.0
2024-03-11,614.0,614.0,575.0,585.0,585.0,26900.0
2024-03-12,580.0,607.0,575.0,600.0,600.0,9100.0
2024-03-13,600.0,600.0,583.0,595.0,595.0,7200.0
2024-03-14,595.0,607.0,590.0,607.0,607.0,12000.0
2024-03-15,620.0,631.0,606.0,629.0,629.0,49400.0
2024-03-18,593.0,605.0,577.0,599.0,599.0,52900.0
2024-03-19,608.0,610.0,593.0,602.0,602.0,19500.0
2024-03-21,602.0,611.0,590.0,594.0,594.0,29500.0
2024-03-22,597.0,605.0,591.0,605.0,605.0,16700.0
2024-03-25,605.0,614.0,600.0,603.0,603.0,17200.0
2024-03-26,600.0,604.0,595.0,599.0,599.0,11700.0
2024-03-27,599.0,599.0,590.0,596.0,596.0,10400.0
2024-03-28,597.0,599.0,580.0,590.0,590.0,19500.0
2024-03-29,583.0,600.0,583.0,599.0,599.0,12100.0
2024-04-01,596.0,596.0,582.0,595.0,595.0,13800.0
2024-04-02,588.0,595.0,574.0,583.0,583.0,9400.0
2024-04-03,580.0,585.0,573.0,583.0,583.0,3000.0
2024-04-04,583.0,589.0,577.0,584.0,584.0,4500.0
2024-04-05,574.0,590.0,570.0,587.0,587.0,5800.0
2024-04-08,594.0,594.0,580.0,580.0,580.0,2600.0
2024-04-09,576.0,583.0,571.0,583.0,583.0,13200.0
2024-04-10,584.0,585.0,581.0,581.0,581.0,700.0
2024-04-11,580.0,587.0,578.0,586.0,586.0,9300.0
2024-04-12,589.0,590.0,583.0,583.0,583.0,7000.0
2024-04-15,584.0,594.0,582.0,590.0,590.0,5700.0
2024-04-16,588.0,589.0,565.0,571.0,571.0,9000.0
2024-04-17,569.0,578.0,555.0,575.0,575.0,13500.0
2024-04-18,575.0,577.0,569.0,577.0,577.0,2200.0
2024-04-19,575.0,576.0,565.0,570.0,570.0,4500.0
2024-04-22,578.0,578.0,570.0,576.0,576.0,1900.0
2024-04-23,576.0,579.0,539.0,559.0,559.0,21500.0
2024-04-24,560.0,573.0,554.0,565.0,565.0,7100.0
2024-04-25,565.0,574.0,554.0,564.0,564.0,6800.0
2024-04-26,561.0,562.0,527.0,556.0,556.0,21300.0
2024-04-30,556.0,605.0,547.0,563.0,563.0,45200.0
2024-05-01,571.0,571.0,535.0,547.0,547.0,12300.0
2024-05-02,547.0,553.0,540.0,541.0,541.0,7800.0
2024-05-07,544.0,557.0,537.0,543.0,543.0,11200.0
2024-05-08,537.0,553.0,537.0,553.0,553.0,3800.0
2024-05-09,554.0,554.0,500.0,529.0,529.0,60500.0
2024-05-10,531.0,531.0,521.0,529.0,529.0,3400.0
2024-05-13,531.0,531.0,520.0,525.0,525.0,7700.0
2024-05-14,525.0,526.0,510.0,517.0,517.0,25100.0
2024-05-15,517.0,525.0,517.0,525.0,525.0,8000.0
2024-05-16,525.0,525.0,508.0,508.0,508.0,13800.0
2024-05-17,508.0,515.0,501.0,513.0,513.0,12400.0
2024-05-20,515.0,543.0,515.0,528.0,528.0,14400.0
2024-05-21,528.0,540.0,520.0,540.0,540.0,9100.0
2024-05-22,536.0,556.0,536.0,550.0,550.0,18000.0
2024-05-23,553.0,554.0,543.0,550.0,550.0,2800.0
2024-05-24,544.0,550.0,540.0,550.0,550.0,3000.0
2024-05-27,550.0,551.0,536.0,550.0,550.0,5100.0
2024-05-28,546.0,552.0,538.0,549.0,549.0,9100.0
2024-05-29,549.0,552.0,537.0,550.0,550.0,13000.0
2024-05-30,534.0,553.0,530.0,553.0,553.0,12700.0
2024-05-31,546.0,552.0,546.0,547.0,547.0,4300.0
2024-06-03,555.0,572.0,550.0,568.0,568.0,15900.0
2024-06-04,563.0,572.0,562.0,571.0,571.0,3800.0
2024-06-05,563.0,574.0,563.0,565.0,565.0,2700.0
2024-06-06,570.0,581.0,564.0,569.0,569.0,13600.0
2024-06-07,565.0,576.0,565.0,576.0,576.0,3600.0
2024-06-10,576.0,576.0,564.0,570.0,570.0,6300.0
2024-06-11,571.0,578.0,566.0,566.0,566.0,5300.0
2024-06-12,563.0,574.0,562.0,570.0,570.0,3900.0
2024-06-13,568.0,577.0,565.0,566.0,566.0,8700.0
2024-06-14,565.0,569.0,558.0,564.0,564.0,5100.0
2024-06-17,554.0,568.0,547.0,559.0,559.0,12000.0
2024-06-18,560.0,569.0,551.0,557.0,557.0,2800.0
2024-06-19,657.0,657.0,657.0,657.0,657.0,9400.0
2024-06-20,757.0,757.0,757.0,757.0,757.0,28500.0
2024-06-21,850.0,965.0,836.0,857.0,857.0,1533200.0
2024-06-24,863.0,864.0,805.0,832.0,832.0,280900.0
2024-06-25,827.0,828.0,814.0,815.0,815.0,95800.0
2024-06-26,817.0,828.0,816.0,828.0,828.0,54700.0
2024-06-27,842.0,868.0,835.0,865.0,865.0,74200.0
2024-06-28,879.0,890.0,874.0,885.0,885.0,47300.0
2024-07-01,921.0,928.0,901.0,920.0,920.0,49000.0
2024-07-02,927.0,933.0,920.0,931.0,931.0,32900.0
2024-07-03,946.0,980.0,942.0,975.0,975.0,70200.0
2024-07-04,986.0,1046.0,979.0,1037.0,1037.0,109500.0
2024-07-05,1059.0,1174.0,987.0,1019.0,1019.0,250400.0
2024-07-08,1019.0,1078.0,1016.0,1078.0,1078.0,55500.0
2024-07-09,1070.0,1070.0,961.0,978.0,978.0,91600.0
2024-07-10,988.0,996.0,978.0,985.0,985.0,22600.0
2024-07-11,991.0,993.0,965.0,967.0,967.0,31400.0
2024-07-12,956.0,984.0,956.0,979.0,979.0,26700.0
2024-07-16,1000.0,1009.0,993.0,996.0,996.0,27800.0
2024-07-17,1029.0,1029.0,995.0,1003.0,1003.0,34500.0
2024-07-18,1000.0,1000.0,992.0,997.0,997.0,19400.0
2024-07-19,998.0,1010.0,993.0,994.0,994.0,27800.0
2024-07-22,1000.0,1000.0,983.0,983.0,983.0,37100.0
2024-07-23,984.0,990.0,976.0,987.0,987.0,24500.0
2024-07-24,994.0,1000.0,981.0,981.0,981.0,33500.0
2024-07-25,980.0,988.0,967.0,976.0,976.0,28500.0
2024-07-26,977.0,1001.0,977.0,991.0,991.0,37100.0
2024-07-29,1006.0,1006.0,987.0,990.0,990.0,70400.0
2024-07-30,960.0,960.0,900.0,900.0,900.0,79300.0
2024-07-31,887.0,911.0,860.0,910.0,910.0,60300.0
2024-08-01,884.0,884.0,795.0,820.0,820.0,75600.0
2024-08-02,795.0,811.0,778.0,782.0,782.0,68600.0
2024-08-05,722.0,750.0,657.0,695.0,695.0,71300.0
2024-08-06,735.0,774.0,721.0,752.0,752.0,52300.0
2024-08-07,739.0,813.0,739.0,788.0,788.0,23800.0
2024-08-08,787.0,805.0,782.0,795.0,795.0,10700.0
2024-08-09,823.0,823.0,791.0,793.0,793.0,12300.0
2024-08-13,798.0,824.0,797.0,816.0,816.0,7200.0
2024-08-14,816.0,843.0,814.0,843.0,843.0,16200.0
2024-08-15,839.0,841.0,826.0,826.0,826.0,8000.0
2024-08-16,839.0,842.0,828.0,833.0,833.0,4700.0
2024-08-19,831.0,842.0,828.0,835.0,835.0,5200.0
2024-08-20,835.0,857.0,835.0,857.0,857.0,12400.0
2024-08-21,846.0,849.0,832.0,832.0,832.0,12300.0
2024-08-22,832.0,842.0,832.0,838.0,838.0,3700.0
2024-08-23,851.0,851.0,836.0,838.0,838.0,3700.0
2024-08-26,853.0,858.0,847.0,847.0,847.0,7300.0
2024-08-27,850.0,864.0,850.0,863.0,863.0,7100.0
2024-08-28,867.0,881.0,864.0,870.0,870.0,4100.0
2024-08-29,876.0,876.0,867.0,867.0,867.0,3700.0
2024-08-30,870.0,873.0,868.0,872.0,872.0,2600.0
2024-09-02,874.0,878.0,872.0,875.0,875.0,4000.0
2024-09-03,875.0,886.0,875.0,877.0,877.0,5200.0
2024-09-04,876.0,879.0,865.0,875.0,875.0,7100.0
2024-09-05,864.0,868.0,842.0,846.0,846.0,8800.0
2024-09-06,847.0,850.0,843.0,845.0,845.0,2700.0
2024-09-09,844.0,850.0,835.0,841.0,841.0,4000.0
2024-09-10,842.0,850.0,842.0,846.0,846.0,1300.0
2024-09-11,846.0,847.0,827.0,828.0,828.0,6000.0
2024-09-12,831.0,843.0,831.0,839.0,839.0,2000.0
2024-09-13,846.0,870.0,844.0,870.0,870.0,5100.0
2024-09-17,859.0,859.0,838.0,842.0,842.0,9700.0
2024-09-18,845.0,863.0,835.0,863.0,863.0,5800.0
2024-09-19,863.0,869.0,857.0,869.0,869.0,4600.0
2024-09-20,869.0,886.0,869.0,880.0,880.0,13300.0
2024-09-24,880.0,910.0,879.0,890.0,890.0,10200.0
2024-09-25,889.0,890.0,883.0,886.0,886.0,3600.0
2024-09-26,887.0,889.0,870.0,873.0,873.0,6300.0
2024-09-27,876.0,887.0,876.0,887.0,887.0,2500.0
2024-09-30,885.0,888.0,879.0,887.0,887.0,5700.0
2024-10-01,890.0,910.0,890.0,908.0,908.0,14700.0
2024-10-02,910.0,917.0,907.0,908.0,908.0,7400.0
2024-10-03,917.0,917.0,908.0,912.0,912.0,2100.0
2024-10-04,926.0,926.0,919.0,920.0,920.0,5400.0
2024-10-07,945.0,945.0,928.0,938.0,938.0,9100.0
2024-10-08,950.0,970.0,939.0,950.0,950.0,14500.0
2024-10-09,965.0,965.0,950.0,950.0,950.0,4900.0
2024-10-10,956.0,956.0,938.0,938.0,938.0,5100.0
2024-10-11,940.0,951.0,928.0,928.0,928.0,3900.0
2024-10-15,947.0,947.0,936.0,937.0,937.0,3600.0
2024-10-16,937.0,940.0,935.0,937.0,937.0,2300.0
2024-10-17,937.0,945.0,937.0,941.0,941.0,2100.0
2024-10-18,956.0,956.0,946.0,950.0,950.0,3100.0
2024-10-21,950.0,964.0,949.0,964.0,964.0,7300.0
2024-10-22,955.0,963.0,952.0,952.0,952.0,3700.0
2024-10-23,954.0,966.0,954.0,954.0,954.0,4500.0
2024-10-24,953.0,953.0,941.0,944.0,944.0,6400.0
2024-10-25,945.0,950.0,930.0,930.0,930.0,4800.0
2024-10-28,928.0,938.0,928.0,933.0,933.0,4200.0
2024-10-29,941.0,960.0,938.0,950.0,950.0,4000.0
2024-10-30,964.0,968.0,950.0,952.0,952.0,5300.0
2024-10-31,966.0,966.0,952.0,955.0,955.0,3700.0
2024-11-01,956.0,966.0,953.0,954.0,954.0,2700.0
2024-11-05,954.0,967.0,951.0,956.0,956.0,3800.0
2024-11-06,959.0,959.0,950.0,951.0,951.0,2200.0
2024-11-07,964.0,964.0,938.0,942.0,942.0,7900.0
2024-11-08,948.0,949.0,942.0,949.0,949.0,2000.0
2024-11-11,950.0,965.0,950.0,960.0,960.0,5000.0
2024-11-12,967.0,968.0,954.0,960.0,960.0,2700.0
2024-11-13,964.0,965.0,962.0,964.0,964.0,1600.0
2024-11-14,965.0,965.0,956.0,957.0,957.0,5200.0
2024-11-15,962.0,963.0,955.0,957.0,957.0,2700.0
2024-11-18,900.0,922.0,882.0,913.0,913.0,47900.0
2024-11-19,915.0,915.0,906.0,906.0,906.0,6000.0
2024-11-20,906.0,913.0,906.0,906.0,906.0,2800.0
2024-11-21,902.0,905.0,900.0,901.0,901.0,4800.0
2024-11-22,903.0,903.0,813.0,848.0,848.0,59100.0
2024-11-25,848.0,859.0,830.0,851.0,851.0,21600.0
2024-11-26,857.0,876.0,853.0,859.0,859.0,11200.0
2024-11-27,861.0,866.0,860.0,862.0,862.0,5300.0
2024-11-28,879.0,910.0,874.0,909.0,909.0,12200.0
2024-11-29,909.0,910.0,900.0,910.0,910.0,6800.0
2024-12-02,915.0,927.0,910.0,919.0,919.0,11400.0
2024-12-03,924.0,924.0,915.0,920.0,920.0,4700.0
2024-12-04,920.0,932.0,920.0,926.0,926.0,6200.0
2024-12-05,926.0,937.0,923.0,937.0,937.0,4600.0
2024-12-06,940.0,941.0,935.0,939.0,939.0,4100.0
2024-12-09,944.0,944.0,935.0,935.0,935.0,6800.0
2024-12-10,938.0,939.0,933.0,939.0,939.0,3800.0
2024-12-11,940.0,940.0,933.0,933.0,933.0,4200.0
2024-12-12,934.0,938.0,933.0,933.0,933.0,5200.0
2024-12-13,933.0,935.0,925.0,925.0,925.0,8300.0
2024-12-16,934.0,942.0,931.0,942.0,942.0,11900.0
2024-12-17,944.0,945.0,941.0,941.0,941.0,6600.0
2024-12-18,941.0,941.0,929.0,934.0,934.0,6600.0
2024-12-19,936.0,938.0,930.0,938.0,938.0,5400.0
2024-12-20,938.0,943.0,936.0,943.0,943.0,3000.0
2024-12-23,950.0,959.0,945.0,958.0,958.0,10200.0
2024-12-24,952.0,959.0,949.0,959.0,959.0,10700.0
2024-12-25,952.0,959.0,950.0,951.0,951.0,8100.0
2024-12-26,951.0,967.0,951.0,967.0,967.0,7300.0
2024-12-27,967.0,995.0,966.0,987.0,987.0,19200.0
2024-12-30,996.0,1007.0,994.0,1001.0,1001.0,19400.0
2025-01-06,1012.0,1042.0,1010.0,1040.0,1040.0,29900.0
2025-01-07,1049.0,1055.0,1043.0,1047.0,1047.0,17800.0
2025-01-08,1053.0,1080.0,1050.0,1078.0,1078.0,23500.0
2025-01-09,1080.0,1080.0,1048.0,1049.0,1049.0,23800.0
2025-01-10,1049.0,1058.0,1049.0,1049.0,1049.0,9700.0
2025-01-14,1058.0,1070.0,1057.0,1069.0,1069.0,10700.0
2025-01-15,1069.0,1069.0,1047.0,1047.0,1047.0,15100.0
2025-01-16,1049.0,1049.0,1015.0,1018.0,1018.0,22300.0
2025-01-17,1022.0,1040.0,1011.0,1024.0,1024.0,9200.0
2025-01-20,1047.0,1047.0,1028.0,1032.0,1032.0,7900.0
2025-01-21,1045.0,1045.0,1033.0,1043.0,1043.0,6600.0
2025-01-22,1045.0,1052.0,1044.0,1050.0,1050.0,12100.0
2025-01-23,1053.0,1062.0,1053.0,1061.0,1061.0,9000.0
2025-01-24,1067.0,1078.0,1065.0,1078.0,1078.0,11900.0
2025-01-27,1085.0,1088.0,1083.0,1087.0,1087.0,20600.0
2025-01-28,1088.0,1100.0,1087.0,1097.0,1097.0,27600.0
2025-01-29,1100.0,1147.0,1100.0,1141.0,1141.0,49100.0
2025-01-30,941.0,981.0,929.0,956.0,956.0,125000.0
2025-01-31,946.0,947.0,930.0,930.0,930.0,30400.0
2025-02-03,915.0,925.0,895.0,895.0,895.0,20700.0
2025-02-04,895.0,896.0,872.0,872.0,872.0,14000.0
2025-02-05,872.0,876.0,862.0,865.0,865.0,11100.0
2025-02-06,865.0,900.0,864.0,896.0,896.0,12600.0
2025-02-07,900.0,900.0,888.0,889.0,889.0,4200.0
2025-02-10,889.0,890.0,871.0,871.0,871.0,6500.0
2025-02-12,872.0,888.0,872.0,876.0,876.0,3600.0
2025-02-13,876.0,897.0,876.0,897.0,897.0,3900.0
2025-02-14,897.0,897.0,883.0,886.0,886.0,4000.0
2025-02-17,894.0,897.0,888.0,889.0,889.0,5100.0
2025-02-18,892.0,895.0,887.0,887.0,887.0,2700.0
2025-02-19,887.0,889.0,886.0,887.0,887.0,3500.0
2025-02-20,887.0,887.0,878.0,885.0,885.0,7200.0
2025-02-21,887.0,887.0,874.0,874.0,874.0,3100.0
2025-02-25,883.0,884.0,875.0,876.0,876.0,3500.0
2025-02-26,876.0,876.0,864.0,864.0,864.0,6200.0
2025-02-27,866.0,880.0,865.0,871.0,871.0,6400.0
2025-02-28,869.0,876.0,860.0,860.0,860.0,4400.0
2025-03-03,876.0,876.0,865.0,865.0,865.0,2600.0
2025-03-04,865.0,865.0,860.0,860.0,860.0,2300.0
2025-03-05,870.0,870.0,861.0,863.0,863.0,1100.0
2025-03-06,864.0,870.0,860.0,860.0,860.0,2800.0
2025-03-07,860.0,869.0,856.0,856.0,856.0,3900.0
2025-03-10,860.0,866.0,857.0,860.0,860.0,2500.0
2025-03-11,856.0,856.0,853.0,853.0,853.0,4300.0
2025-03-12,856.0,856.0,854.0,855.0,855.0,1900.0
2025-03-13,855.0,856.0,852.0,852.0,852.0,3300.0
2025-03-14,853.0,857.0,853.0,853.0,853.0,5400.0
2025-03-17,853.0,856.0,853.0,853.0,853.0,4000.0
2025-03-18,856.0,861.0,856.0,860.0,860.0,5800.0
2025-03-19,860.0,860.0,853.0,855.0,855.0,2600.0
2025-03-21,854.0,859.0,850.0,850.0,850.0,7200.0
2025-03-24,851.0,851.0,844.0,845.0,845.0,9300.0
2025-03-25,844.0,850.0,842.0,842.0,842.0,3800.0
2025-03-26,842.0,845.0,838.0,840.0,840.0,5400.0
2025-03-27,840.0,841.0,831.0,831.0,831.0,5700.0
2025-03-28,833.0,851.0,833.0,847.0,847.0,3100.0
2025-03-31,843.0,849.0,831.0,836.0,836.0,4800.0
2025-04-01,843.0,848.0,841.0,846.0,846.0,2200.0
2025-04-02,846.0,849.0,842.0,848.0,848.0,1800.0
2025-04-03,838.0,846.0,834.0,834.0,834.0,2900.0
2025-04-04,831.0,837.0,802.0,802.0,802.0,10400.0
2025-04-07,789.0,789.0,751.0,751.0,751.0,11100.0
2025-04-08,761.0,832.0,761.0,832.0,832.0,4900.0
2025-04-09,829.0,831.0,810.0,830.0,830.0,2100.0
2025-04-10,840.0,844.0,814.0,817.0,817.0,5100.0
2025-04-11,811.0,848.0,810.0,846.0,846.0,4200.0
2025-04-14,849.0,873.0,849.0,873.0,873.0,3100.0
2025-04-15,875.0,875.0,865.0,871.0,871.0,1600.0
2025-04-16,873.0,1010.0,835.0,839.0,839.0,136600.0
2025-04-17,841.0,868.0,839.0,843.0,843.0,5700.0
2025-04-18,845.0,866.0,845.0,856.0,856.0,2900.0
2025-04-21,861.0,984.0,857.0,897.0,897.0,141000.0
2025-04-22,899.0,899.0,879.0,895.0,895.0,3400.0
2025-04-23,896.0,900.0,885.0,900.0,900.0,4400.0
2025-04-24,901.0,901.0,890.0,890.0,890.0,1900.0
2025-04-25,893.0,901.0,879.0,879.0,879.0,1900.0
2025-04-28,880.0,891.0,880.0,880.0,880.0,1800.0
2025-04-30,880.0,881.0,825.0,850.0,850.0,11200.0
2025-05-01,850.0,868.0,850.0,858.0,858.0,4000.0
2025-05-02,866.0,868.0,854.0,857.0,857.0,2100.0
2025-05-07,857.0,863.0,850.0,850.0,850.0,3000.0
2025-05-08,846.0,860.0,846.0,860.0,860.0,2100.0
2025-05-09,854.0,862.0,853.0,854.0,854.0,2800.0
2025-05-12,854.0,860.0,840.0,849.0,849.0,4400.0
2025-05-13,850.0,858.0,846.0,851.0,851.0,2400.0
2025-05-14,851.0,851.0,845.0,845.0,845.0,1900.0
2025-05-15,850.0,850.0,838.0,838.0,838.0,2800.0
2025-05-16,837.0,897.0,836.0,841.0,841.0,42600.0
2025-05-19,856.0,856.0,842.0,855.0,855.0,1900.0
2025-05-20,855.0,878.0,855.0,878.0,878.0,3100.0
2025-05-21,877.0,878.0,871.0,876.0,876.0,2000.0
2025-05-22,874.0,880.0,874.0,880.0,880.0,1900.0
2025-05-23,880.0,880.0,867.0,867.0,867.0,900.0
2025-05-26,873.0,874.0,870.0,872.0,872.0,1200.0
2025-05-27,873.0,874.0,867.0,869.0,869.0,2000.0
2025-05-28,874.0,880.0,870.0,880.0,880.0,1700.0
2025-05-29,850.0,867.0,840.0,850.0,850.0,14100.0
2025-05-30,865.0,865.0,851.0,857.0,857.0,2000.0
2025-06-02,872.0,872.0,855.0,855.0,855.0,2300.0
2025-06-03,854.0,863.0,854.0,863.0,863.0,900.0
2025-06-04,862.0,870.0,860.0,870.0,870.0,1300.0
2025-06-05,867.0,867.0,861.0,865.0,865.0,1700.0
2025-06-06,864.0,864.0,857.0,863.0,863.0,1000.0
2025-06-09,863.0,876.0,863.0,870.0,870.0,3000.0
2025-06-10,870.0,876.0,870.0,873.0,873.0,1500.0
2025-06-11,873.0,877.0,872.0,872.0,872.0,900.0
2025-06-12,877.0,884.0,875.0,884.0,884.0,2100.0
2025-06-13,885.0,889.0,871.0,886.0,886.0,3200.0
2025-06-16,888.0,888.0,850.0,858.0,858.0,8500.0
2025-06-17,862.0,864.0,860.0,864.0,864.0,1000.0
2025-06-18,869.0,872.0,855.0,869.0,869.0,2300.0
2025-06-19,864.0,873.0,855.0,856.0,856.0,2000.0
2025-06-20,860.0,860.0,855.0,855.0,855.0,1600.0
2025-06-23,864.0,864.0,856.0,858.0,858.0,800.0
2025-06-24,861.0,866.0,859.0,861.0,861.0,1300.0
2025-06-25,861.0,865.0,861.0,862.0,862.0,1600.0
2025-06-26,862.0,866.0,860.0,866.0,866.0,1200.0
2025-06-27,866.0,866.0,862.0,862.0,862.0,1000.0
2025-06-30,868.0,885.0,868.0,885.0,885.0,1800.0
2025-07-01,877.0,884.0,870.0,870.0,870.0,2300.0
2025-07-02,877.0,877.0,869.0,874.0,874.0,1700.0
2025-07-03,870.0,874.0,865.0,870.0,870.0,2800.0
2025-07-04,877.0,879.0,870.0,870.0,870.0,1500.0
2025-07-07,870.0,879.0,870.0,871.0,871.0,1900.0
2025-07-08,880.0,880.0,872.0,880.0,880.0,800.0
2025-07-09,882.0,888.0,880.0,880.0,880.0,2200.0
2025-07-10,880.0,885.0,875.0,877.0,877.0,700.0
2025-07-11,883.0,887.0,880.0,880.0,880.0,3500.0
2025-07-14,881.0,886.0,881.0,886.0,886.0,1000.0
2025-07-15,885.0,885.0,880.0,882.0,882.0,1800.0
2025-07-16,882.0,882.0,881.0,881.0,881.0,900.0
2025-07-17,881.0,883.0,881.0,881.0,881.0,700.0
2025-07-18,883.0,883.0,877.0,877.0,877.0,1700.0
2025-07-22,878.0,882.0,876.0,876.0,876.0,1800.0
2025-07-23,876.0,880.0,876.0,876.0,876.0,1600.0
2025-07-24,876.0,878.0,875.0,878.0,878.0,1100.0
2025-07-25,878.0,886.0,878.0,886.0,886.0,2600.0
2025-07-28,887.0,888.0,880.0,882.0,882.0,1900.0
2025-07-29,882.0,889.0,882.0,888.0,888.0,1600.0
2025-07-30,871.0,892.0,871.0,888.0,888.0,2700.0
2025-07-31,884.0,889.0,879.0,887.0,887.0,2700.0
2025-08-01,889.0,889.0,882.0,883.0,883.0,1400.0
2025-08-04,878.0,889.0,878.0,888.0,888.0,1400.0
2025-08-05,887.0,891.0,884.0,891.0,891.0,1700.0
2025-08-06,892.0,893.0,886.0,888.0,888.0,1100.0
2025-08-07,889.0,897.0,888.0,895.0,895.0,2900.0
2025-08-08,898.0,898.0,891.0,892.0,892.0,2600.0
2025-08-12,898.0,914.0,895.0,899.0,899.0,5400.0
2025-08-13,900.0,905.0,899.0,901.0,901.0,7200.0
2025-08-14,905.0,914.0,902.0,905.0,905.0,6600.0
2025-08-15,905.0,912.0,905.0,912.0,912.0,2500.0
2025-08-18,912.0,912.0,908.0,908.0,908.0,2400.0
2025-08-19,908.0,950.0,908.0,945.0,945.0,9800.0
2025-08-20,940.0,940.0,931.0,934.0,934.0,3600.0
2025-08-21,934.0,954.0,934.0,954.0,954.0,5100.0
2025-08-22,955.0,969.0,942.0,959.0,959.0,7400.0
2025-08-25,967.0,967.0,943.0,958.0,958.0,8400.0
2025-08-26,956.0,970.0,955.0,970.0,970.0,2800.0
2025-08-27,970.0,970.0,965.0,965.0,965.0,2000.0
2025-08-28,965.0,970.0,960.0,961.0,961.0,3300.0
2025-08-29,967.0,975.0,961.0,971.0,971.0,2500.0
2025-09-01,971.0,990.0,969.0,987.0,987.0,3500.0
2025-09-02,989.0,995.0,979.0,987.0,987.0,2800.0
2025-09-03,988.0,995.0,983.0,983.0,983.0,2600.0
2025-09-04,983.0,983.0,982.0,982.0,982.0,1300.0
2025-09-05,982.0,985.0,970.0,976.0,976.0,3700.0
2025-09-08,976.0,979.0,971.0,977.0,977.0,4700.0
2025-09-09,978.0,980.0,953.0,953.0,953.0,10600.0
2025-09-10,955.0,970.0,955.0,970.0,970.0,4900.0
2025-09-11,967.0,970.0,959.0,961.0,961.0,1900.0
2025-09-12,965.0,974.0,942.0,969.0,969.0,5300.0
2025-09-16,960.0,970.0,958.0,961.0,961.0,5300.0
2025-09-17,959.0,971.0,959.0,968.0,968.0,1700.0
2025-09-18,968.0,980.0,965.0,972.0,972.0,4400.0
2025-09-19,978.0,980.0,971.0,980.0,980.0,3900.0
2025-09-22,984.0,1004.0,976.0,991.0,991.0,8100.0
2025-09-24,1003.0,1014.0,990.0,994.0,994.0,8600.0
2025-09-25,1009.0,1019.0,998.0,1018.0,1018.0,12600.0
2025-09-26,1019.0,1033.0,1014.0,1025.0,1025.0,6100.0
2025-09-29,1024.0,1035.0,1020.0,1029.0,1029.0,2400.0
2025-09-30,1043.0,1055.0,1028.0,1054.0,1054.0,7100.0
2025-10-01,1070.0,1070.0,1001.0,1010.0,1010.0,12200.0
2025-10-02,1006.0,1021.0,1004.0,1015.0,1015.0,2500.0
2025-10-03,1026.0,1038.0,1020.0,1038.0,1038.0,4300.0
2025-10-06,1046.0,1050.0,1020.0,1020.0,1020.0,5300.0
2025-10-07,1020.0,1030.0,1020.0,1029.0,1029.0,2000.0
2025-10-08,1029.0,1029.0,1019.0,1023.0,1023.0,1300.0
2025-10-09,1018.0,1036.0,1017.0,1028.0,1028.0,1500.0
2025-10-10,1019.0,1029.0,1005.0,1022.0,1022.0,3400.0
2025-10-14,1011.0,1021.0,1006.0,1006.0,1006.0,2700.0
2025-10-15,1011.0,1015.0,999.0,1001.0,1001.0,3300.0
2025-10-16,1001.0,1008.0,1001.0,1002.0,1002.0,500.0
2025-10-17,1002.0,1002.0,996.0,996.0,996.0,2600.0
2025-10-20,1010.0,1015.0,1003.0,1013.0,1013.0,2300.0
2025-10-21,1013.0,1039.0,1013.0,1039.0,1039.0,3000.0
2025-10-22,1039.0,1039.0,1017.0,1022.0,1022.0,3500.0
2025-10-23,1025.0,1025.0,1019.0,1022.0,1022.0,1000.0
2025-10-24,1025.0,1032.0,1024.0,1027.0,1027.0,3000.0
2025-10-27,1036.0,1036.0,1025.0,1025.0,1025.0,3000.0
2025-10-28,1030.0,1033.0,1030.0,1030.0,1030.0,1500.0
2025-10-29,1040.0,1040.0,1006.0,1023.0,1023.0,5300.0
2025-10-30,1024.0,1028.0,1012.0,1017.0,1017.0,2600.0
2025-10-31,1022.0,1029.0,1022.0,1022.0,1022.0,1900.0
2025-11-04,1030.0,1036.0,1027.0,1032.0,1032.0,2100.0
2025-11-05,1032.0,1032.0,1020.0,1024.0,1024.0,1600.0
2025-11-06,1024.0,1033.0,1024.0,1030.0,1030.0,800.0
2025-11-07,1029.0,1036.0,1028.0,1028.0,1028.0,700.0
2025-11-10,1025.0,1029.0,1019.0,1026.0,1026.0,1600.0
2025-11-11,1009.0,1019.0,1002.0,1004.0,1004.0,5200.0
2025-11-12,1003.0,1020.0,1003.0,1013.0,1013.0,1000.0
2025-11-13,1011.0,1020.0,1011.0,1015.0,1015.0,1100.0
2025-11-14,1013.0,1026.0,1013.0,1022.0,1022.0,1100.0
2025-11-17,1022.0,1022.0,1016.0,1016.0,1016.0,1300.0
2025-11-18,1015.0,1018.0,1013.0,1015.0,1015.0,800.0
2025-11-19,1015.0,1021.0,1011.0,1021.0,1021.0,1500.0
2025-11-20,1021.0,1022.0,1010.0,1014.0,1014.0,2700.0
2025-11-21,1014.0,1018.0,1013.0,1013.0,1013.0,700.0
2025-11-25,1015.0,1019.0,1014.0,1014.0,1014.0,1100.0
2025-11-26,1014.0,1022.0,1014.0,1020.0,1020.0,3800.0
2025-11-27,1022.0,1033.0,1017.0,1033.0,1033.0,2400.0
2025-11-28,1033.0,1035.0,1030.0,1035.0,1035.0,2400.0
2025-12-01,1035.0,1063.0,1035.0,1049.0,1049.0,10400.0
2025-12-02,1063.0,1064.0,1053.0,1063.0,1063.0,4000.0
2025-12-03,1065.0,1065.0,1038.0,1050.0,1050.0,3800.0
2025-12-04,1050.0,1065.0,1050.0,1055.0,1055.0,2900.0
2025-12-05,1060.0,1063.0,1050.0,1061.0,1061.0,2800.0
2025-12-08,1061.0,1061.0,1055.0,1060.0,1060.0,2800.0
2025-12-09,1060.0,1060.0,1054.0,1056.0,1056.0,2300.0
2025-12-10,1062.0,1062.0,1059.0,1061.0,1061.0,1800.0
2025-12-11,1071.0,1071.0,1059.0,1066.0,1066.0,4600.0
2025-12-12,1071.0,1072.0,1067.0,1072.0,1072.0,2000.0
2025-12-15,1072.0,1075.0,1062.0,1067.0,1067.0,4800.0
2025-12-16,1078.0,1114.0,1071.0,1096.0,1096.0,14100.0
2025-12-17,1092.0,1107.0,1092.0,1107.0,1107.0,4000.0
2025-12-18,1109.0,1116.0,1096.0,1114.0,1114.0,7700.0
2025-12-19,1115.0,1120.0,1110.0,1118.0,1118.0,4400.0
2025-12-22,1118.0,1223.0,1118.0,1133.0,1133.0,27000.0
2025-12-23,1128.0,1142.0,1125.0,1139.0,1139.0,5900.0
2025-12-24,1138.0,1150.0,1138.0,1149.0,1149.0,4200.0
2025-12-25,1150.0,1159.0,1143.0,1159.0,1159.0,7600.0
2025-12-26,1165.0,1180.0,1165.0,1179.0,1179.0,10300.0
2025-12-29,1180.0,1275.0,1175.0,1255.0,1255.0,25000.0
2025-12-30,1253.0,1253.0,1170.0,1213.0,1213.0,22500.0
2026-01-05,1210.0,1210.0,1135.0,1160.0,1160.0,32400.0
2026-01-06,1170.0,1170.0,1148.0,1153.0,1153.0,16400.0
2026-01-07,1154.0,1164.0,1150.0,1164.0,1164.0,8000.0
2026-01-08,1165.0,1193.0,1165.0,1187.0,1187.0,16500.0
2026-01-09,1189.0,1196.0,1175.0,1178.0,1178.0,12900.0
2026-01-13,1178.0,1178.0,1155.0,1156.0,1156.0,20800.0
2026-01-14,1151.0,1166.0,1150.0,1162.0,1162.0,11500.0
2026-01-15,1162.0,1166.0,1158.0,1162.0,1162.0,6900.0
2026-01-16,1164.0,1167.0,1162.0,1163.0,1163.0,5600.0
2026-01-19,1170.0,1182.0,1166.0,1175.0,1175.0,14400.0
2026-01-20,1180.0,1180.0,1175.0,1180.0,1180.0,3800.0
2026-01-21,1185.0,1188.0,1180.0,1188.0,1188.0,8800.0
2026-01-22,1188.0,1199.0,1188.0,1196.0,1196.0,7100.0
2026-01-23,1191.0,1193.0,1180.0,1181.0,1181.0,15000.0
2026-01-26,1180.0,1181.0,1175.0,1181.0,1181.0,9300.0
2026-01-27,1170.0,1180.0,1170.0,1174.0,1174.0,11500.0
2026-01-28,1165.0,1165.0,1100.0,1100.0,1100.0,37000.0
2026-01-29,980.0,999.0,971.0,971.0,971.0,48600.0
2026-01-30,956.0,984.0,954.0,984.0,984.0,14600.0
2026-02-02,982.0,982.0,960.0,960.0,960.0,9900.0
2026-02-03,957.0,975.0,957.0,959.0,959.0,7600.0
2026-02-04,959.0,965.0,959.0,962.0,962.0,4000.0
2026-02-05,960.0,962.0,956.0,956.0,956.0,7700.0
2026-02-06,960.0,960.0,952.0,953.0,953.0,6500.0
2026-02-09,953.0,955.0,931.0,934.0,934.0,10500.0
2026-02-10,922.0,930.0,921.0,925.0,925.0,8700.0
2026-02-12,921.0,935.0,921.0,930.0,930.0,4800.0
2026-02-13,933.0,944.0,924.0,924.0,924.0,4500.0
2026-02-16,927.0,938.0,927.0,938.0,938.0,2300.0
2026-02-17,942.0,942.0,931.0,931.0,931.0,2500.0
2026-02-18,932.0,942.0,930.0,934.0,934.0,3200.0
2026-02-19,934.0,935.0,933.0,933.0,933.0,1500.0
2026-02-20,933.0,933.0,931.0,931.0,931.0,3600.0
2026-02-24,931.0,938.0,930.0,931.0,931.0,3200.0
2026-02-25,931.0,935.0,929.0,929.0,929.0,2800.0
2026-02-26,929.0,932.0,928.0,929.0,929.0,3800.0
2026-02-27,935.0,948.0,935.0,948.0,948.0,3600.0
2026-03-02,950.0,954.0,944.0,945.0,945.0,2800.0
2026-03-03,945.0,952.0,941.0,946.0,946.0,1800.0
2026-03-04,943.0,943.0,929.0,935.0,935.0,2800.0
2026-03-05,944.0,944.0,938.0,938.0,938.0,700.0
2026-03-06,938.0,949.0,938.0,949.0,949.0,2500.0
